NOAA 15                 
1 25338U 98030A   25170.83832127  .00000193  00000+0  97018-4 0  9991
2 25338  98.5342 195.7223 0009600 335.9586  24.1145 14.26985165409868
DMSP 5D-3 F16 (USA 172) 
1 28054U 03048A   25170.85013025  .00000005  00000+0  26144-4 0  9998
2 28054  99.0120 186.7781 0008379  92.4479  36.7189 14.14358096118243
NOAA 18                 
1 28654U 05018A   25170.81445961  .00000075  00000+0  63224-4 0  9994
2 28654  98.8423 250.1756 0015366 100.3774 259.9132 14.13613551 35199
METEOSAT-9 (MSG-2)      
1 28912U 05049B   25169.92200503  .00000132  00000+0  00000+0 0  9998
2 28912   8.5306  57.6382 0002249   3.6419 223.7069  1.00272468  3368
EWS-G1 (GOES 13)        
1 29155U 06018A   25169.53196669 -.00000098  00000+0  00000+0 0  9991
2 29155   3.5850  80.8938 0060789 266.7242 303.3014  0.98794019 69781
DMSP 5D-3 F17 (USA 191) 
1 29522U 06050A   25170.82531795  .00000028  00000+0  37005-4 0  9994
2 29522  98.7380 179.8297 0010437  17.3895 342.7634 14.14837392961173
FENGYUN 3A              
1 32958U 08026A   25170.60583590  .00000095  00000+0  65588-4 0  9993
2 32958  98.6483 114.1011 0009859  92.1649 268.0656 14.19448522884078
NOAA 19                 
1 33591U 09005A   25170.82257147  .00000168  00000+0  11362-3 0  9996
2 33591  98.9968 235.5844 0013203 339.2493  20.8141 14.13379180843553
GOES 14                 
1 35491U 09033A   25170.55305841 -.00000056  00000+0  00000+0 0  9993
2 35491   0.7413  87.9813 0002255  62.3102 208.5676  1.00272747  2953
DMSP 5D-3 F18 (USA 210) 
1 35951U 09057A   25170.83066224  .00000247  00000+0  15156-3 0  9993
2 35951  98.8595 148.3385 0010629 195.3320 164.7532 14.14638812808330
EWS-G2 (GOES 15)        
1 36411U 10008A   25169.76113046  .00000050  00000+0  00000+0 0  9998
2 36411   0.3360  85.5119 0002377 109.3167  47.7239  1.00269841 55995
COMS 1                  
1 36744U 10032A   25170.74269078 -.00000334  00000+0  00000+0 0  9997
2 36744   3.8842  79.8916 0000842  17.4812 206.3206  1.00269647 55024
FENGYUN 3B              
1 37214U 10059A   25170.86775759  .00000070  00000+0  59713-4 0  9996
2 37214  99.0119 209.3500 0022972 131.3374 343.0995 14.14732967756231
SUOMI NPP               
1 37849U 11061A   25170.83249752  .00000054  00000+0  46616-4 0  9990
2 37849  98.7580 109.9869 0000494 334.5934  25.5217 14.19540990707020
METEOSAT-10 (MSG-3)     
1 38552U 12035B   25170.34211235  .00000005  00000+0  00000+0 0  9993
2 38552   3.8117  62.0683 0000690  56.5623 272.5443  1.00275359 47215
METOP-B                 
1 38771U 12049A   25170.81483046  .00000093  00000+0  61922-4 0  9996
2 38771  98.5763 224.7440 0000842  53.4199 306.7056 14.21465839661771
INSAT-3D                
1 39216U 13038B   25170.52884382 -.00000328  00000+0  00000+0 0  9993
2 39216   0.9876  87.5175 0001227 357.0937 143.3123  1.00269480 43444
FENGYUN 3C              
1 39260U 13052A   25170.82596370  .00000080  00000+0  61851-4 0  9998
2 39260  98.4544 157.2879 0014510 351.7439   8.3495 14.15630233607367
METEOR-M 2              
1 40069U 14037A   25170.82812829  .00000097  00000+0  63479-4 0  9997
2 40069  98.4679 155.3583 0006150  21.4266 338.7169 14.21302075567849
HIMAWARI-8              
1 40267U 14060A   25170.51016825 -.00000264  00000+0  00000+0 0  9994
2 40267   0.0215  89.0076 0000949  51.8921  91.4020  1.00270766 39116
FENGYUN 2G              
1 40367U 14090A   25170.59438839 -.00000293  00000+0  00000+0 0  9991
2 40367   4.7195  77.2425 0003887 143.3270   1.1534  1.00271928 38365
METEOSAT-11 (MSG-4)     
1 40732U 15034A   25170.57646907  .00000074  00000+0  00000+0 0  9997
2 40732   2.2951  72.3818 0000398  91.9904 320.8132  1.00263301  3589
ELEKTRO-L 2             
1 41105U 15074A   25170.53378168 -.00000107  00000+0  00000+0 0  9991
2 41105   5.7773  75.0076 0001023 202.5777 168.1016  1.00271851 34873
INSAT-3DR               
1 41752U 16054A   25169.86953698 -.00000065  00000+0  00000+0 0  9992
2 41752   0.1041  92.4902 0010095 175.7401  26.1394  1.00270926 32178
HIMAWARI-9              
1 41836U 16064A   25170.78655662 -.00000263  00000+0  00000+0 0  9999
2 41836   0.0241 260.3198 0001416 215.9267 215.9273  1.00270728 31666
GOES 16                 
1 41866U 16071A   25170.55375346 -.00000079  00000+0  00000+0 0  9998
2 41866   0.0557 247.9134 0000744 248.2495 226.4812  1.00271172 31463
FENGYUN 4A              
1 41882U 16077A   25170.52771437 -.00000346  00000+0  00000+0 0  9997
2 41882   1.3969  84.2640 0007138 167.4296 330.0681  1.00270806 31291
CYGFM05                 
1 41884U 16078A   25170.17767372  .00011355  00000+0  26910-3 0  9997
2 41884  34.9599 113.4831 0010237 326.1817  33.8249 15.40857787472462
CYGFM04                 
1 41885U 16078B   25170.83876343  .00010926  00000+0  24263-3 0  9992
2 41885  34.9354  88.1219 0008936 353.0255   7.0339 15.42816080472868
CYGFM02                 
1 41886U 16078C   25170.19163494  .00012972  00000+0  27968-3 0  9996
2 41886  34.9442  92.5222 0010866 343.2479  16.7882 15.43642660472710
CYGFM01                 
1 41887U 16078D   25170.55073637  .00010742  00000+0  25130-3 0  9998
2 41887  34.9433 114.5165 0010069 317.3573  42.6364 15.41253105472571
CYGFM08                 
1 41888U 16078E   25170.20671393  .00012202  00000+0  27648-3 0  9993
2 41888  34.9460 101.4825 0011467 338.5764  21.4475 15.42172386472615
CYGFM07                 
1 41890U 16078G   25170.85866731  .00010927  00000+0  24310-3 0  9994
2 41890  34.9484  87.2297 0009132 359.8551   0.2165 15.42762565472877
CYGFM03                 
1 41891U 16078H   25170.47734220  .00012418  00000+0  27842-3 0  9990
2 41891  34.9437  91.3407 0008673 340.5999  19.4390 15.42515788472647
FENGYUN 3D              
1 43010U 17072A   25170.82193375  .00000058  00000+0  49220-4 0  9991
2 43010  98.9626 134.7665 0002068  39.3202 320.8123 14.19632787393571
NOAA 20 (JPSS-1)        
1 43013U 17073A   25170.84802332  .00000008  00000+0  24820-4 0  9991
2 43013  98.7418 109.2929 0000285 152.4725 207.6466 14.19510614393067
GOES 17                 
1 43226U 18022A   25170.84007354 -.00000123  00000+0  00000+0 0  9991
2 43226   0.0450 148.5093 0000816  67.4735 253.5203  1.00422236 26801
FENGYUN 2H              
1 43491U 18050A   25170.51883696 -.00000114  00000+0  00000+0 0  9991
2 43491   2.0956  83.4184 0000986 105.5897 344.6836  1.00266617 25809
METOP-C                 
1 43689U 18087A   25170.78042302  .00000080  00000+0  56430-4 0  9994
2 43689  98.7150 230.9850 0002205 117.6982 242.4419 14.21489558343342
GEO-KOMPSAT-2A          
1 43823U 18100A   25170.74277765 -.00000332  00000+0  00000+0 0  9997
2 43823   0.0435 162.7295 0002160 288.7004 212.4142  1.00268525 24027
METEOR-M2 2             
1 44387U 19038A   25170.75482653  .00000088  00000+0  58132-4 0  9990
2 44387  98.8746 148.5360 0001479  31.7821 328.3447 14.24211282309707
ARKTIKA-M 1             
1 47719U 21016A   25170.12583253  .00000028  00000+0  00000+0 0  9990
2 47719  63.1486 107.4376 7111978 268.6516  16.5378  2.00592270 31500
FENGYUN 3E              
1 49008U 21062A   25170.85460961  .00000000  00000+0  20863-4 0  9998
2 49008  98.7414 173.4580 0002664  68.8829 291.2632 14.19867796205160
GOES 18                 
1 51850U 22021A   25170.76154383  .00000108  00000+0  00000+0 0  9995
2 51850   0.0408 160.4379 0000324  28.9471 215.9932  1.00271424 12176
NOAA 21 (JPSS-2)        
1 54234U 22150A   25170.81391027  .00000040  00000+0  39494-4 0  9990
2 54234  98.7275 109.5393 0002404 120.1325 240.0090 14.19540041135139
METEOSAT-12 (MTG-I1)    
1 54743U 22170C   25170.34211235  .00000005  00000+0  00000+0 0  9994
2 54743   0.6682  34.9741 0001062  67.6204 288.1028  1.00273386  9333
TIANMU-1 03             
1 55973U 23039A   25170.79791624  .00008309  00000+0  24350-3 0  9992
2 55973  97.5012 329.5212 0002885 343.5579  16.5570 15.35462995125021
TIANMU-1 04             
1 55974U 23039B   25170.80893440  .00008199  00000+0  23849-3 0  9993
2 55974  97.4941 328.8155 0003591 332.6432  27.4621 15.35699983125029
TIANMU-1 05             
1 55975U 23039C   25170.83298126  .00008129  00000+0  23847-3 0  9998
2 55975  97.4987 329.3047 0003220   9.0828 351.0473 15.35439883125010
TIANMU-1 06             
1 55976U 23039D   25170.81899611  .00008220  00000+0  23850-3 0  9999
2 55976  97.5001 329.6234 0003458   1.3336 358.7916 15.35780918125027
METEOR-M2 3             
1 57166U 23091A   25170.82085984 -.00000006  00000+0  16603-4 0  9995
2 57166  98.6606 227.1609 0004812 132.8201 227.3383 14.24001735102942
TIANMU-1 07             
1 57399U 23101A   25170.84189808  .00004679  00000+0  18909-3 0  9996
2 57399  97.3105 224.6838 0003771   5.9047 354.2235 15.25221450106329
TIANMU-1 08             
1 57400U 23101B   25170.80810040  .00004621  00000+0  18672-3 0  9998
2 57400  97.3092 224.4770 0005818   1.1004 359.0246 15.25224196106319
TIANMU-1 09             
1 57401U 23101C   25170.85769981  .00004696  00000+0  19006-3 0  9995
2 57401  97.3048 224.1478 0005003   3.4346 356.6926 15.25162592106323
TIANMU-1 10             
1 57402U 23101D   25170.82481803  .00004924  48874-8  19678-3 0  9996
2 57402  97.3129 224.7804 0006813 358.3398   1.7817 15.25146186106319
FENGYUN 3F              
1 57490U 23111A   25170.84600776  .00000031  00000+0  35027-4 0  9990
2 57490  98.7267 241.7663 0002013 101.9351 258.2051 14.20047704 97447
ARKTIKA-M 2             
1 58584U 23198A   25170.36314751  .00000246  00000+0  00000+0 0  9998
2 58584  63.2304 194.1237 6871659 268.8167  18.5019  2.00602515 11048
TIANMU-1 11             
1 58645U 23205A   25170.88665422  .00004151  00000+0  18362-3 0  9999
2 58645  97.3718 193.7619 0009557 190.1043 170.0003 15.22192025 82320
TIANMU-1 12             
1 58646U 23205B   25170.83799020  .00004041  00000+0  17920-3 0  9994
2 58646  97.3705 193.5727 0008035 175.8174 184.3131 15.22131880 82300
TIANMU-1 13             
1 58647U 23205C   25170.87090514  .00004409  00000+0  19534-3 0  9992
2 58647  97.3733 193.7408 0008817 156.3739 203.7904 15.22106201 82302
TIANMU-1 14             
1 58648U 23205D   25170.85404287  .00004129  00000+0  18300-3 0  9996
2 58648  97.3662 193.2360 0009664 162.4967 197.6604 15.22126283 82308
TIANMU-1 19             
1 58660U 23208A   25170.84956729  .00005726  00000+0  23735-3 0  9997
2 58660  97.4283 282.9348 0006733 146.3432 213.8234 15.24267497 82008
TIANMU-1 20             
1 58661U 23208B   25170.84308299  .00005639  00000+0  22547-3 0  9994
2 58661  97.4218 283.2037 0008901 158.6307 201.5305 15.25468751 82057
TIANMU-1 21             
1 58662U 23208C   25170.83028922  .00006257  00000+0  23573-3 0  9993
2 58662  97.4262 284.4110 0008545 156.1244 204.0393 15.27413130 82114
TIANMU-1 22             
1 58663U 23208D   25170.83633969  .00004998  00000+0  20777-3 0  9990
2 58663  97.4278 283.0235 0004752 162.6233 197.5168 15.24244602 82019
TIANMU-1 15             
1 58700U 24004A   25170.58938639  .00004527  00000+0  20115-3 0  9995
2 58700  97.4659 353.0523 0006812 175.4075 184.7224 15.22015870 80534
TIANMU-1 16             
1 58701U 24004B   25170.83661351  .00004404  00000+0  19554-3 0  9997
2 58701  97.4592 352.8359 0007031 180.6840 179.4387 15.22057827 80570
TIANMU-1 17             
1 58702U 24004C   25170.82201917  .00004204  00000+0  18595-3 0  9997
2 58702  97.4631 353.1463 0005661 178.8026 181.3225 15.22219156 80564
TIANMU-1 18             
1 58703U 24004D   25170.80480803  .00004252  00000+0  18856-3 0  9992
2 58703  97.4649 353.2845 0005828 166.8299 193.3091 15.22124166 80563
INSAT-3DS               
1 58990U 24033A   25170.57753125 -.00000145  00000+0  00000+0 0  9992
2 58990   0.0457 101.0341 0001131 348.3005 108.6955  1.00271412 43434
METEOR-M2 4             
1 59051U 24039A   25170.84425966  .00000017  00000+0  27142-4 0  9994
2 59051  98.6498 130.7910 0007841 132.3012 227.8832 14.22368996 67756
GOES 19                 
1 60133U 24119A   25170.34546205 -.00000236  00000+0  00000+0 0  9994
2 60133   0.0451 149.3667 0000260  36.7576 130.8658  1.00271100  3324
